time	time	departures_all	arrivals_all	stuck_all	en-route_all	departures_bike	arrivals_bike	stuck_bike	en-route_bike	departures_car	arrivals_car	stuck_car	en-route_car	departures_pt	arrivals_pt	stuck_pt	en-route_pt	departures_walk	arrivals_walk	stuck_walk	en-route_walk
00:00:00	0	0	0	0	0	0	0	0	0	0	0	0	0	0	0	0	0	0	0	0	0
00:05:00	300	0	0	0	0	0	0	0	0	0	0	0	0	0	0	0	0	0	0	0	0
00:10:00	600	0	0	0	0	0	0	0	0	0	0	0	0	0	0	0	0	0	0	0	0
00:15:00	900	0	0	0	0	0	0	0	0	0	0	0	0	0	0	0	0	0	0	0	0
00:20:00	1200	0	0	0	0	0	0	0	0	0	0	0	0	0	0	0	0	0	0	0	0
00:25:00	1500	0	0	0	0	0	0	0	0	0	0	0	0	0	0	0	0	0	0	0	0
00:30:00	1800	0	0	0	0	0	0	0	0	0	0	0	0	0	0	0	0	0	0	0	0
00:35:00	2100	0	0	0	0	0	0	0	0	0	0	0	0	0	0	0	0	0	0	0	0
00:40:00	2400	0	0	0	0	0	0	0	0	0	0	0	0	0	0	0	0	0	0	0	0
00:45:00	2700	0	0	0	0	0	0	0	0	0	0	0	0	0	0	0	0	0	0	0	0
00:50:00	3000	0	0	0	0	0	0	0	0	0	0	0	0	0	0	0	0	0	0	0	0
00:55:00	3300	0	0	0	0	0	0	0	0	0	0	0	0	0	0	0	0	0	0	0	0
01:00:00	3600	0	0	0	0	0	0	0	0	0	0	0	0	0	0	0	0	0	0	0	0
01:05:00	3900	0	0	0	0	0	0	0	0	0	0	0	0	0	0	0	0	0	0	0	0
01:10:00	4200	0	0	0	0	0	0	0	0	0	0	0	0	0	0	0	0	0	0	0	0
01:15:00	4500	0	0	0	0	0	0	0	0	0	0	0	0	0	0	0	0	0	0	0	0
01:20:00	4800	0	0	0	0	0	0	0	0	0	0	0	0	0	0	0	0	0	0	0	0
01:25:00	5100	0	0	0	0	0	0	0	0	0	0	0	0	0	0	0	0	0	0	0	0
01:30:00	5400	0	0	0	0	0	0	0	0	0	0	0	0	0	0	0	0	0	0	0	0
01:35:00	5700	0	0	0	0	0	0	0	0	0	0	0	0	0	0	0	0	0	0	0	0
01:40:00	6000	0	0	0	0	0	0	0	0	0	0	0	0	0	0	0	0	0	0	0	0
01:45:00	6300	0	0	0	0	0	0	0	0	0	0	0	0	0	0	0	0	0	0	0	0
01:50:00	6600	0	0	0	0	0	0	0	0	0	0	0	0	0	0	0	0	0	0	0	0
01:55:00	6900	0	0	0	0	0	0	0	0	0	0	0	0	0	0	0	0	0	0	0	0
02:00:00	7200	0	0	0	0	0	0	0	0	0	0	0	0	0	0	0	0	0	0	0	0
02:05:00	7500	0	0	0	0	0	0	0	0	0	0	0	0	0	0	0	0	0	0	0	0
02:10:00	7800	0	0	0	0	0	0	0	0	0	0	0	0	0	0	0	0	0	0	0	0
02:15:00	8100	0	0	0	0	0	0	0	0	0	0	0	0	0	0	0	0	0	0	0	0
02:20:00	8400	0	0	0	0	0	0	0	0	0	0	0	0	0	0	0	0	0	0	0	0
02:25:00	8700	0	0	0	0	0	0	0	0	0	0	0	0	0	0	0	0	0	0	0	0
02:30:00	9000	0	0	0	0	0	0	0	0	0	0	0	0	0	0	0	0	0	0	0	0
02:35:00	9300	0	0	0	0	0	0	0	0	0	0	0	0	0	0	0	0	0	0	0	0
02:40:00	9600	0	0	0	0	0	0	0	0	0	0	0	0	0	0	0	0	0	0	0	0
02:45:00	9900	0	0	0	0	0	0	0	0	0	0	0	0	0	0	0	0	0	0	0	0
02:50:00	10200	0	0	0	0	0	0	0	0	0	0	0	0	0	0	0	0	0	0	0	0
02:55:00	10500	0	0	0	0	0	0	0	0	0	0	0	0	0	0	0	0	0	0	0	0
03:00:00	10800	0	0	0	0	0	0	0	0	0	0	0	0	0	0	0	0	0	0	0	0
03:05:00	11100	0	0	0	0	0	0	0	0	0	0	0	0	0	0	0	0	0	0	0	0
03:10:00	11400	0	0	0	0	0	0	0	0	0	0	0	0	0	0	0	0	0	0	0	0
03:15:00	11700	0	0	0	0	0	0	0	0	0	0	0	0	0	0	0	0	0	0	0	0
03:20:00	12000	0	0	0	0	0	0	0	0	0	0	0	0	0	0	0	0	0	0	0	0
03:25:00	12300	0	0	0	0	0	0	0	0	0	0	0	0	0	0	0	0	0	0	0	0
03:30:00	12600	0	0	0	0	0	0	0	0	0	0	0	0	0	0	0	0	0	0	0	0
03:35:00	12900	0	0	0	0	0	0	0	0	0	0	0	0	0	0	0	0	0	0	0	0
03:40:00	13200	0	0	0	0	0	0	0	0	0	0	0	0	0	0	0	0	0	0	0	0
03:45:00	13500	0	0	0	0	0	0	0	0	0	0	0	0	0	0	0	0	0	0	0	0
03:50:00	13800	0	0	0	0	0	0	0	0	0	0	0	0	0	0	0	0	0	0	0	0
03:55:00	14100	0	0	0	0	0	0	0	0	0	0	0	0	0	0	0	0	0	0	0	0
04:00:00	14400	0	0	0	0	0	0	0	0	0	0	0	0	0	0	0	0	0	0	0	0
04:05:00	14700	0	0	0	0	0	0	0	0	0	0	0	0	0	0	0	0	0	0	0	0
04:10:00	15000	0	0	0	0	0	0	0	0	0	0	0	0	0	0	0	0	0	0	0	0
04:15:00	15300	0	0	0	0	0	0	0	0	0	0	0	0	0	0	0	0	0	0	0	0
04:20:00	15600	0	0	0	0	0	0	0	0	0	0	0	0	0	0	0	0	0	0	0	0
04:25:00	15900	0	0	0	0	0	0	0	0	0	0	0	0	0	0	0	0	0	0	0	0
04:30:00	16200	0	0	0	0	0	0	0	0	0	0	0	0	0	0	0	0	0	0	0	0
04:35:00	16500	0	0	0	0	0	0	0	0	0	0	0	0	0	0	0	0	0	0	0	0
04:40:00	16800	0	0	0	0	0	0	0	0	0	0	0	0	0	0	0	0	0	0	0	0
04:45:00	17100	0	0	0	0	0	0	0	0	0	0	0	0	0	0	0	0	0	0	0	0
04:50:00	17400	0	0	0	0	0	0	0	0	0	0	0	0	0	0	0	0	0	0	0	0
04:55:00	17700	0	0	0	0	0	0	0	0	0	0	0	0	0	0	0	0	0	0	0	0
05:00:00	18000	0	0	0	0	0	0	0	0	0	0	0	0	0	0	0	0	0	0	0	0
05:05:00	18300	0	0	0	0	0	0	0	0	0	0	0	0	0	0	0	0	0	0	0	0
05:10:00	18600	0	0	0	0	0	0	0	0	0	0	0	0	0	0	0	0	0	0	0	0
05:15:00	18900	0	0	0	0	0	0	0	0	0	0	0	0	0	0	0	0	0	0	0	0
05:20:00	19200	0	0	0	0	0	0	0	0	0	0	0	0	0	0	0	0	0	0	0	0
05:25:00	19500	0	0	0	0	0	0	0	0	0	0	0	0	0	0	0	0	0	0	0	0
05:30:00	19800	0	0	0	0	0	0	0	0	0	0	0	0	0	0	0	0	0	0	0	0
05:35:00	20100	0	0	0	0	0	0	0	0	0	0	0	0	0	0	0	0	0	0	0	0
05:40:00	20400	0	0	0	0	0	0	0	0	0	0	0	0	0	0	0	0	0	0	0	0
05:45:00	20700	0	0	0	0	0	0	0	0	0	0	0	0	0	0	0	0	0	0	0	0
05:50:00	21000	0	0	0	0	0	0	0	0	0	0	0	0	0	0	0	0	0	0	0	0
05:55:00	21300	0	0	0	0	0	0	0	0	0	0	0	0	0	0	0	0	0	0	0	0
06:00:00	21600	0	0	0	0	0	0	0	0	0	0	0	0	0	0	0	0	0	0	0	0
06:05:00	21900	0	0	0	0	0	0	0	0	0	0	0	0	0	0	0	0	0	0	0	0
06:10:00	22200	0	0	0	0	0	0	0	0	0	0	0	0	0	0	0	0	0	0	0	0
06:15:00	22500	0	0	0	0	0	0	0	0	0	0	0	0	0	0	0	0	0	0	0	0
06:20:00	22800	1	0	0	1	1	0	0	1	0	0	0	0	0	0	0	0	0	0	0	0
06:25:00	23100	2	0	0	3	0	0	0	1	1	0	0	1	0	0	0	0	1	0	0	1
06:30:00	23400	3	2	0	4	0	1	0	0	2	1	0	2	0	0	0	0	1	0	0	2
06:35:00	23700	22	4	0	22	1	0	0	1	18	4	0	16	0	0	0	0	3	0	0	5
06:40:00	24000	55	17	0	60	1	0	0	2	34	17	0	33	0	0	0	0	20	0	0	25
06:45:00	24300	165	43	0	182	4	1	0	5	115	38	0	110	4	0	0	4	42	4	0	63
06:50:00	24600	325	123	0	384	10	1	0	14	208	107	0	211	9	5	0	8	98	10	0	151
06:55:00	24900	804	281	0	907	47	9	0	52	538	230	0	519	28	10	0	26	191	32	0	310
07:00:00	25200	1466	597	0	1776	33	17	0	68	1022	509	0	1032	32	30	0	28	379	41	0	648
07:05:00	25500	2684	1209	0	3251	102	36	0	134	1808	1014	0	1826	104	44	0	88	670	115	0	1203
07:10:00	25800	4140	2000	0	5391	138	49	0	223	2811	1651	0	2986	177	98	0	167	1014	202	0	2015
07:15:00	26100	5794	2637	0	8548	245	87	0	381	3781	2080	0	4687	266	138	0	295	1502	332	0	3185
07:20:00	26400	7246	3062	0	12732	237	173	0	445	4793	2146	0	7334	469	181	0	583	1747	562	0	4370
07:25:00	26700	8241	3225	0	17748	288	215	0	518	5261	1986	0	10609	585	295	0	873	2107	729	0	5748
07:30:00	27000	8485	3392	0	22841	288	242	0	564	5216	1792	0	14033	822	324	0	1371	2159	1034	0	6873
07:35:00	27300	7944	3347	0	27438	222	262	0	524	4828	1525	0	17336	951	284	0	2038	1943	1276	0	7540
07:40:00	27600	6746	3303	0	30881	211	267	0	468	3848	1238	0	19946	1004	392	0	2650	1683	1406	0	7817
07:45:00	27900	5548	3428	0	33001	158	258	0	368	2927	1232	0	21641	1025	431	0	3244	1438	1507	0	7748
07:50:00	28200	4027	3166	0	33862	111	209	0	270	1818	893	0	22566	989	439	0	3794	1109	1625	0	7232
07:55:00	28500	2796	2509	0	34149	61	123	0	208	1123	597	0	23092	873	303	0	4364	739	1486	0	6485
08:00:00	28800	1845	2084	0	33910	44	109	0	143	654	487	0	23259	690	192	0	4862	457	1296	0	5646
08:05:00	29100	1322	1853	0	33379	23	84	0	82	363	356	0	23266	615	160	0	5317	321	1253	0	4714
08:10:00	29400	860	1489	0	32750	13	43	0	52	176	305	0	23137	431	121	0	5627	240	1020	0	3934
08:15:00	29700	717	1412	0	32055	11	30	0	33	120	376	0	22881	297	193	0	5731	289	813	0	3410
08:20:00	30000	772	1883	0	30944	10	19	0	24	113	721	0	22273	239	331	0	5639	410	812	0	3008
08:25:00	30300	1000	2129	0	29815	11	7	0	28	101	725	0	21649	218	587	0	5270	670	810	0	2868
08:30:00	30600	941	2189	0	28567	5	11	0	22	105	772	0	20982	189	559	0	4900	642	847	0	2663
08:35:00	30900	909	2115	0	27361	5	13	0	14	100	744	0	20338	251	454	0	4697	553	904	0	2312
08:40:00	31200	520	1228	0	26653	8	5	0	17	110	289	0	20159	122	198	0	4621	280	736	0	1856
08:45:00	31500	394	810	0	26237	8	6	0	19	106	87	0	20178	96	98	0	4619	184	619	0	1421
08:50:00	31800	301	587	0	25951	4	5	0	18	103	67	0	20214	77	59	0	4637	117	456	0	1082
08:55:00	32100	298	417	0	25832	4	11	0	11	104	74	0	20244	97	16	0	4718	93	316	0	859
09:00:00	32400	333	344	0	25821	19	6	0	24	128	97	0	20275	54	17	0	4755	132	224	0	767
09:05:00	32700	352	267	0	25906	15	9	0	30	127	49	0	20353	64	11	0	4808	146	198	0	715
09:10:00	33000	320	190	0	26036	8	9	0	29	115	9	0	20459	80	8	0	4880	117	164	0	668
09:15:00	33300	330	187	0	26179	19	13	0	35	113	10	0	20562	87	6	0	4961	111	158	0	621
09:20:00	33600	330	169	0	26340	14	14	0	35	122	9	0	20675	78	6	0	5033	116	140	0	597
09:25:00	33900	323	151	0	26512	13	14	0	34	132	11	0	20796	73	4	0	5102	105	122	0	580
09:30:00	34200	334	146	0	26700	21	18	0	37	121	11	0	20906	64	6	0	5160	128	111	0	597
09:35:00	34500	303	180	0	26823	23	11	0	49	89	30	0	20965	82	3	0	5239	109	136	0	570
09:40:00	34800	293	161	0	26955	18	19	0	48	99	32	0	21032	67	3	0	5303	109	107	0	572
09:45:00	35100	303	156	0	27102	12	22	0	38	117	18	0	21131	71	8	0	5366	103	108	0	567
09:50:00	35400	310	149	0	27263	10	18	0	30	124	15	0	21240	71	2	0	5435	105	114	0	558
09:55:00	35700	305	142	0	27426	17	15	0	32	118	7	0	21351	72	5	0	5502	98	115	0	541
10:00:00	36000	321	142	0	27605	14	10	0	36	108	12	0	21447	79	6	0	5575	120	114	0	547
10:05:00	36300	287	123	0	27769	8	13	0	31	124	11	0	21560	56	4	0	5627	99	95	0	551
10:10:00	36600	329	135	0	27963	21	18	0	34	102	7	0	21655	70	2	0	5695	136	108	0	579
10:15:00	36900	311	134	0	28140	21	14	0	41	125	9	0	21771	74	4	0	5765	91	107	0	563
10:20:00	37200	319	154	0	28305	9	16	0	34	101	12	0	21860	74	5	0	5834	135	121	0	577
10:25:00	37500	298	143	0	28460	9	16	0	27	118	9	0	21969	85	3	0	5916	86	115	0	548
10:30:00	37800	301	138	0	28623	12	14	0	25	104	11	0	22062	70	4	0	5982	115	109	0	554
10:35:00	38100	297	225	0	28695	11	11	0	25	122	102	0	22082	72	11	0	6043	92	101	0	545
10:40:00	38400	393	278	0	28810	11	11	0	25	135	80	0	22137	67	75	0	6035	180	112	0	613
10:45:00	38700	325	164	0	28971	22	9	0	38	126	34	0	22229	67	5	0	6097	110	116	0	607
10:50:00	39000	361	188	0	29144	23	10	0	51	121	19	0	22331	111	2	0	6206	106	157	0	556
10:55:00	39300	298	171	0	29271	15	21	0	45	104	14	0	22421	81	4	0	6283	98	132	0	522
11:00:00	39600	284	121	0	29434	13	21	0	37	113	16	0	22518	51	4	0	6330	107	80	0	549
11:05:00	39900	328	171	0	29591	9	15	0	31	106	5	0	22619	90	3	0	6417	123	148	0	524
11:10:00	40200	319	143	0	29767	14	17	0	28	124	8	0	22735	74	2	0	6489	107	116	0	515
11:15:00	40500	303	110	0	29960	16	11	0	33	117	8	0	22844	58	7	0	6540	112	84	0	543
11:20:00	40800	344	176	0	30128	12	15	0	30	121	21	0	22944	78	33	0	6585	133	107	0	569
11:25:00	41100	332	157	0	30303	23	17	0	36	110	19	0	23035	66	25	0	6626	133	96	0	606
11:30:00	41400	341	202	0	30442	17	15	0	38	108	12	0	23131	82	44	0	6664	134	131	0	609
11:35:00	41700	419	280	0	30581	10	17	0	31	136	59	0	23208	66	91	0	6639	207	113	0	703
11:40:00	42000	458	359	0	30680	8	15	0	24	136	88	0	23256	75	104	0	6610	239	152	0	790
11:45:00	42300	367	302	0	30745	16	12	0	28	96	53	0	23299	123	11	0	6722	132	226	0	696
11:50:00	42600	357	211	0	30891	17	11	0	34	98	14	0	23383	90	14	0	6798	152	172	0	676
11:55:00	42900	352	193	0	31050	7	10	0	31	109	11	0	23481	99	13	0	6884	137	159	0	654
12:00:00	43200	348	192	0	31206	15	12	0	34	108	12	0	23577	97	12	0	6969	128	156	0	626
12:05:00	43500	357	169	0	31394	20	10	0	44	132	11	0	23698	91	9	0	7051	114	139	0	601
12:10:00	43800	320	181	0	31533	14	14	0	44	103	11	0	23790	90	16	0	7125	113	140	0	574
12:15:00	44100	338	164	0	31707	13	17	0	40	118	9	0	23899	79	15	0	7189	128	123	0	579
12:20:00	44400	280	157	0	31830	15	16	0	39	98	13	0	23984	53	21	0	7221	114	107	0	586
12:25:00	44700	313	167	0	31976	13	15	0	37	115	9	0	24090	77	15	0	7283	108	128	0	566
12:30:00	45000	330	145	0	32161	17	17	0	37	113	12	0	24191	74	15	0	7342	126	101	0	591
12:35:00	45300	322	188	0	32295	16	16	0	37	120	36	0	24275	73	14	0	7401	113	122	0	582
12:40:00	45600	294	180	0	32409	16	19	0	34	98	29	0	24344	73	8	0	7466	107	124	0	565
12:45:00	45900	283	143	0	32549	12	17	0	29	107	15	0	24436	69	6	0	7529	95	105	0	555
12:50:00	46200	331	169	0	32711	15	14	0	30	114	11	0	24539	77	16	0	7590	125	128	0	552
12:55:00	46500	319	154	0	32876	14	11	0	33	108	11	0	24636	70	17	0	7643	127	115	0	564
13:00:00	46800	353	157	0	33072	16	11	0	38	126	9	0	24753	81	13	0	7711	130	124	0	570
13:05:00	47100	319	164	0	33227	19	17	0	40	99	11	0	24841	79	13	0	7777	122	123	0	569
13:10:00	47400	314	153	0	33388	9	13	0	36	117	8	0	24950	74	10	0	7841	114	122	0	561
13:15:00	47700	297	156	0	33529	12	17	0	31	114	9	0	25055	72	2	0	7911	99	128	0	532
13:20:00	48000	322	131	0	33720	20	12	0	39	106	17	0	25144	65	4	0	7972	131	98	0	565
13:25:00	48300	290	117	0	33893	11	16	0	34	111	6	0	25249	58	2	0	8028	110	93	0	582
13:30:00	48600	300	131	0	34062	13	16	0	31	107	8	0	25348	67	1	0	8094	113	106	0	589
13:35:00	48900	301	154	0	34209	17	11	0	37	106	12	0	25442	72	8	0	8158	106	123	0	572
13:40:00	49200	504	455	0	34258	14	14	0	37	135	149	0	25428	77	171	0	8064	278	121	0	729
13:45:00	49500	353	311	0	34300	15	18	0	34	128	62	0	25494	94	9	0	8149	116	222	0	623
13:50:00	49800	319	189	0	34430	21	12	0	43	101	16	0	25579	85	11	0	8223	112	150	0	585
13:55:00	50100	328	181	0	34577	20	20	0	43	117	6	0	25690	74	11	0	8286	117	144	0	558
14:00:00	50400	315	146	0	34746	15	20	0	38	109	16	0	25783	71	5	0	8352	120	105	0	573
14:05:00	50700	334	147	0	34933	17	16	0	39	119	11	0	25891	70	7	0	8415	128	113	0	588
14:10:00	51000	270	141	0	35062	16	12	0	43	91	7	0	25975	76	8	0	8483	87	114	0	561
14:15:00	51300	302	153	0	35211	9	15	0	37	101	13	0	26063	79	13	0	8549	113	112	0	562
14:20:00	51600	320	157	0	35374	16	17	0	36	108	11	0	26160	85	7	0	8627	111	122	0	551
14:25:00	51900	340	160	0	35554	14	11	0	39	117	14	0	26263	74	26	0	8675	135	109	0	577
14:30:00	52200	358	193	0	35719	12	18	0	33	110	6	0	26367	71	50	0	8696	165	119	0	623
14:35:00	52500	405	283	0	35841	14	11	0	36	102	48	0	26421	63	109	0	8650	226	115	0	734
14:40:00	52800	449	331	0	35959	11	18	0	29	118	51	0	26488	108	83	0	8675	212	179	0	767
14:45:00	53100	379	274	0	36064	11	15	0	25	112	32	0	26568	118	17	0	8776	138	210	0	695
14:50:00	53400	324	202	0	36186	10	13	0	22	104	9	0	26663	79	11	0	8844	131	169	0	657
14:55:00	53700	338	180	0	36344	14	10	0	26	130	16	0	26777	84	15	0	8913	110	139	0	628
15:00:00	54000	326	195	0	36475	20	12	0	34	113	11	0	26879	86	13	0	8986	107	159	0	576
15:05:00	54300	306	160	0	36621	16	7	0	43	95	8	0	26966	75	18	0	9043	120	127	0	569
15:10:00	54600	293	142	0	36772	15	21	0	37	112	7	0	27071	55	8	0	9090	111	106	0	574
15:15:00	54900	341	154	0	36959	15	12	0	40	107	9	0	27169	85	9	0	9166	134	124	0	584
15:20:00	55200	306	168	0	37097	14	17	0	37	102	11	0	27260	74	15	0	9225	116	125	0	575
15:25:00	55500	326	175	0	37248	6	12	0	31	120	6	0	27374	86	25	0	9286	114	132	0	557
15:30:00	55800	295	147	0	37396	12	16	0	27	95	7	0	27462	59	31	0	9314	129	93	0	593
15:35:00	56100	378	224	0	37550	13	10	0	30	113	25	0	27550	96	42	0	9368	156	147	0	602
15:40:00	56400	404	275	0	37679	15	10	0	35	115	40	0	27625	68	104	0	9332	206	121	0	687
15:45:00	56700	567	520	0	37726	10	17	0	28	131	114	0	27642	90	192	0	9230	336	197	0	826
15:50:00	57000	410	290	0	37846	11	9	0	30	112	11	0	27743	101	25	0	9306	186	245	0	767
15:55:00	57300	369	219	0	37996	12	15	0	27	114	11	0	27846	103	7	0	9402	140	186	0	721
16:00:00	57600	380	236	0	38140	11	16	0	22	123	8	0	27961	110	15	0	9497	136	197	0	660
16:05:00	57900	334	156	0	38318	11	10	0	23	99	9	0	28051	79	11	0	9565	145	126	0	679
16:10:00	58200	330	186	0	38462	15	13	0	25	105	15	0	28141	97	8	0	9654	113	150	0	642
16:15:00	58500	366	169	0	38659	17	7	0	35	125	5	0	28261	87	25	0	9716	137	132	0	647
16:20:00	58800	293	155	0	38797	5	8	0	32	108	11	0	28358	73	11	0	9778	107	125	0	629
16:25:00	59100	333	161	0	38969	13	14	0	31	116	8	0	28466	76	15	0	9839	128	124	0	633
16:30:00	59400	333	194	0	39108	12	8	0	35	117	9	0	28574	72	33	0	9878	132	144	0	621
16:35:00	59700	368	188	0	39288	16	15	0	36	132	27	0	28679	86	12	0	9952	134	134	0	621
16:40:00	60000	337	173	0	39452	8	12	0	32	120	28	0	28771	79	9	0	10022	130	124	0	627
16:45:00	60300	474	282	0	39644	26	16	0	42	159	71	0	28859	94	59	0	10057	195	136	0	686
16:50:00	60600	629	364	0	39909	23	18	0	47	250	117	0	28992	86	84	0	10059	270	145	0	811
16:55:00	60900	846	237	0	40518	47	22	0	72	383	23	0	29352	122	8	0	10173	294	184	0	921
17:00:00	61200	1307	310	0	41515	57	37	0	92	696	32	0	30016	151	9	0	10315	403	232	0	1092
17:05:00	61500	1985	378	0	43122	116	39	0	169	1107	66	0	31057	206	9	0	10512	556	264	0	1384
17:10:00	61800	2886	483	0	45525	176	69	0	276	1680	87	0	32650	248	15	0	10745	782	312	0	1854
17:15:00	62100	3905	627	0	48803	214	115	0	375	2311	121	0	34840	340	2	0	11083	1040	389	0	2505
17:20:00	62400	4774	833	0	52744	279	174	0	480	2780	147	0	37473	417	12	0	11488	1298	500	0	3303
17:25:00	62700	5435	1068	0	57111	286	218	0	548	3171	177	0	40467	565	6	0	12047	1413	667	0	4049
17:30:00	63000	5516	1245	0	61382	291	270	0	569	3041	158	0	43350	691	10	0	12728	1493	807	0	4735
17:35:00	63300	5100	1341	0	65141	258	256	0	571	2769	167	0	45952	754	19	0	13463	1319	899	0	5155
17:40:00	63600	4338	1464	0	68015	232	267	0	536	2212	163	0	48001	797	17	0	14243	1097	1017	0	5235
17:45:00	63900	3425	1440	0	70000	161	262	0	435	1675	126	0	49550	761	21	0	14983	828	1031	0	5032
17:50:00	64200	2393	1293	0	71100	114	236	0	313	1106	148	0	50508	621	16	0	15588	552	893	0	4691
17:55:00	64500	1688	1167	0	71621	67	167	0	213	746	146	0	51108	519	11	0	16096	356	843	0	4204
18:00:00	64800	1124	1061	0	71684	42	118	0	137	415	157	0	51366	417	14	0	16499	250	772	0	3682
18:05:00	65100	761	895	0	71550	30	71	0	96	269	147	0	51488	300	10	0	16789	162	667	0	3177
18:10:00	65400	528	677	0	71401	17	51	0	62	159	52	0	51595	228	6	0	17011	124	568	0	2733
18:15:00	65700	426	580	0	71247	14	30	0	46	138	26	0	51707	162	1	0	17172	112	523	0	2322
18:20:00	66000	362	475	0	71134	11	22	0	35	107	9	0	51805	131	4	0	17299	113	440	0	1995
18:25:00	66300	344	433	0	71045	15	14	0	36	111	3	0	51913	97	4	0	17392	121	412	0	1704
18:30:00	66600	310	369	0	70986	14	17	0	33	108	1	0	52020	83	1	0	17474	105	350	0	1459
18:35:00	66900	310	315	0	70981	21	13	0	41	103	5	0	52118	72	5	0	17541	114	292	0	1281
18:40:00	67200	287	299	0	70969	16	19	0	38	91	5	0	52204	60	2	0	17599	120	273	0	1128
18:45:00	67500	293	256	0	71006	10	13	0	35	105	7	0	52302	79	2	0	17676	99	234	0	993
18:50:00	67800	553	477	0	71082	20	10	0	45	99	6	0	52395	81	222	0	17535	353	239	0	1107
18:55:00	68100	430	347	0	71165	11	18	0	38	100	4	0	52491	165	24	0	17676	154	301	0	960
19:00:00	68400	354	266	0	71253	8	18	0	28	94	0	0	52585	136	1	0	17811	116	247	0	829
19:05:00	68700	298	204	0	71347	11	12	0	27	103	2	0	52686	77	2	0	17886	107	188	0	748
19:10:00	69000	330	180	0	71497	15	8	0	34	124	1	0	52809	72	2	0	17956	119	169	0	698
19:15:00	69300	297	179	0	71615	14	17	0	31	95	1	0	52903	75	4	0	18027	113	157	0	654
19:20:00	69600	320	172	0	71763	14	14	0	31	109	2	0	53010	89	2	0	18114	108	154	0	608
19:25:00	69900	286	151	0	71898	15	12	0	34	96	10	0	53096	78	2	0	18190	97	127	0	578
19:30:00	70200	298	155	0	72041	11	12	0	33	114	5	0	53205	79	3	0	18266	94	135	0	537
19:35:00	70500	295	113	0	72223	8	16	0	25	128	1	0	53332	64	0	0	18330	95	96	0	536
19:40:00	70800	264	109	0	72378	14	9	0	30	95	5	0	53422	58	1	0	18387	97	94	0	539
19:45:00	71100	120	137	0	72361	9	11	0	28	2	0	0	53424	63	25	0	18425	46	101	0	484
19:50:00	71400	112	131	0	72342	12	12	0	28	1	0	0	53425	66	10	0	18481	33	109	0	408
19:55:00	71700	150	162	0	72330	9	16	0	21	1	1	0	53425	39	60	0	18460	101	85	0	424
20:00:00	72000	121	137	0	72314	2	6	0	17	1	0	0	53426	89	0	0	18549	29	131	0	322
20:05:00	72300	69	74	0	72309	8	8	0	17	3	0	0	53429	33	0	0	18582	25	66	0	281
20:10:00	72600	61	69	0	72301	6	7	0	16	2	0	0	53431	23	2	0	18603	30	60	0	251
20:15:00	72900	42	51	0	72292	2	7	0	11	1	0	0	53432	15	0	0	18618	24	44	0	231
20:20:00	73200	41	38	0	72295	4	5	0	10	1	0	0	53433	13	1	0	18630	23	32	0	222
20:25:00	73500	31	39	0	72287	7	2	0	15	1	1	0	53433	12	0	0	18642	11	36	0	197
20:30:00	73800	35	49	0	72273	9	10	0	14	1	0	0	53434	8	0	0	18650	17	39	0	175
20:35:00	74100	37	35	0	72275	8	8	0	14	1	0	0	53435	6	0	0	18656	22	27	0	170
20:40:00	74400	80	73	0	72282	7	4	0	17	31	32	0	53434	9	9	0	18656	33	28	0	175
20:45:00	74700	45	48	0	72279	5	7	0	15	5	4	0	53435	8	6	0	18658	27	31	0	171
20:50:00	75000	30	26	0	72283	4	6	0	13	1	0	0	53436	5	0	0	18663	20	20	0	171
20:55:00	75300	454	456	0	72281	8	6	0	15	1	1	0	53436	14	404	0	18273	431	45	0	557
21:00:00	75600	241	259	0	72263	0	6	0	9	4	4	0	53436	134	67	0	18340	103	182	0	478
21:05:00	75900	357	389	0	72231	0	4	0	5	1	2	0	53435	239	84	0	18495	117	299	0	296
21:10:00	76200	100	141	0	72190	0	3	0	2	0	0	0	53435	68	0	0	18563	32	138	0	190
21:15:00	76500	25	52	0	72163	0	1	0	1	0	1	0	53434	15	0	0	18578	10	50	0	150
21:20:00	76800	25	57	0	72131	0	1	0	0	0	1	0	53433	19	0	0	18597	6	55	0	101
21:25:00	77100	10	25	0	72116	0	0	0	0	0	0	0	53433	9	0	0	18606	1	25	0	77
21:30:00	77400	5	14	0	72107	0	0	0	0	0	0	0	53433	5	0	0	18611	0	14	0	63
21:35:00	77700	5	7	0	72105	0	0	0	0	0	0	0	53433	5	0	0	18616	0	7	0	56
21:40:00	78000	4	9	0	72100	0	0	0	0	1	1	0	53433	1	1	0	18616	2	7	0	51
21:45:00	78300	2	13	0	72089	0	0	0	0	0	2	0	53431	1	0	0	18617	1	11	0	41
21:50:00	78600	3	6	0	72086	0	0	0	0	0	0	0	53431	0	2	0	18615	3	4	0	40
21:55:00	78900	38	39	0	72085	0	0	0	0	0	0	0	53431	5	18	0	18602	33	21	0	52
22:00:00	79200	8	12	0	72081	0	0	0	0	0	0	0	53431	6	0	0	18608	2	12	0	42
22:05:00	79500	3	8	0	72076	0	0	0	0	0	0	0	53431	2	0	0	18610	1	8	0	35
22:10:00	79800	1	7	0	72070	0	0	0	0	1	2	0	53430	0	0	0	18610	0	5	0	30
22:15:00	80100	3	6	0	72067	0	0	0	0	0	3	0	53427	1	0	0	18611	2	3	0	29
22:20:00	80400	2	4	0	72065	0	0	0	0	0	0	0	53427	0	0	0	18611	2	4	0	27
22:25:00	80700	1	1	0	72065	0	0	0	0	0	0	0	53427	0	0	0	18611	1	1	0	27
22:30:00	81000	0	0	0	72065	0	0	0	0	0	0	0	53427	0	0	0	18611	0	0	0	27
22:35:00	81300	0	5	0	72060	0	0	0	0	0	1	0	53426	0	0	0	18611	0	4	0	23
22:40:00	81600	11	14	0	72057	0	0	0	0	2	4	0	53424	3	6	0	18608	6	4	0	25
22:45:00	81900	2	6	0	72053	0	0	0	0	1	2	0	53423	0	0	0	18608	1	4	0	22
22:50:00	82200	3	5	0	72051	0	0	0	0	0	0	0	53423	2	0	0	18610	1	5	0	18
22:55:00	82500	2	2	0	72051	0	0	0	0	0	0	0	53423	0	0	0	18610	2	2	0	18
23:00:00	82800	2	3	0	72050	0	0	0	0	0	0	0	53423	1	0	0	18611	1	3	0	16
23:05:00	83100	3	3	0	72050	0	0	0	0	0	0	0	53423	3	0	0	18614	0	3	0	13
23:10:00	83400	1	1	0	72050	0	0	0	0	0	0	0	53423	0	0	0	18614	1	1	0	13
23:15:00	83700	0	2	0	72048	0	0	0	0	0	0	0	53423	0	0	0	18614	0	2	0	11
23:20:00	84000	0	5	0	72043	0	0	0	0	0	5	0	53418	0	0	0	18614	0	0	0	11
23:25:00	84300	2	6	0	72039	0	0	0	0	2	4	0	53416	0	0	0	18614	0	2	0	9
23:30:00	84600	0	2	0	72037	0	0	0	0	0	0	0	53416	0	0	0	18614	0	2	0	7
23:35:00	84900	1	1	0	72037	0	0	0	0	0	0	0	53416	1	0	0	18615	0	1	0	6
23:40:00	85200	3	6	0	72034	0	0	0	0	2	5	0	53413	0	0	0	18615	1	1	0	6
23:45:00	85500	0	2	0	72032	0	0	0	0	0	1	0	53412	0	0	0	18615	0	1	0	5
23:50:00	85800	0	0	0	72032	0	0	0	0	0	0	0	53412	0	0	0	18615	0	0	0	5
23:55:00	86100	0	0	0	72032	0	0	0	0	0	0	0	53412	0	0	0	18615	0	0	0	5
24:00:00	86400	0	1	0	72031	0	0	0	0	0	0	0	53412	0	0	0	18615	0	1	0	4
24:05:00	86700	0	0	0	72031	0	0	0	0	0	0	0	53412	0	0	0	18615	0	0	0	4
24:10:00	87000	0	2	0	72029	0	0	0	0	0	1	0	53411	0	0	0	18615	0	1	0	3
24:15:00	87300	0	7	0	72022	0	0	0	0	0	7	0	53404	0	0	0	18615	0	0	0	3
24:20:00	87600	2	5	0	72019	0	0	0	0	2	5	0	53401	0	0	0	18615	0	0	0	3
24:25:00	87900	1	2	0	72018	0	0	0	0	1	2	0	53400	0	0	0	18615	0	0	0	3
24:30:00	88200	0	0	0	72018	0	0	0	0	0	0	0	53400	0	0	0	18615	0	0	0	3
24:35:00	88500	0	1	0	72017	0	0	0	0	0	1	0	53399	0	0	0	18615	0	0	0	3
24:40:00	88800	21	28	0	72010	0	0	0	0	19	25	0	53393	0	2	0	18613	2	1	0	4
24:45:00	89100	0	1	0	72009	0	0	0	0	0	1	0	53392	0	0	0	18613	0	0	0	4
24:50:00	89400	1	5	0	72005	0	0	0	0	1	5	0	53388	0	0	0	18613	0	0	0	4
24:55:00	89700	3	3	0	72005	0	0	0	0	0	0	0	53388	0	1	0	18612	3	2	0	5
25:00:00	90000	0	0	0	72005	0	0	0	0	0	0	0	53388	0	0	0	18612	0	0	0	5
25:05:00	90300	1	1	0	72005	0	0	0	0	0	0	0	53388	0	0	0	18612	1	1	0	5
25:10:00	90600	2	3	0	72004	0	0	0	0	1	2	0	53387	1	0	0	18613	0	1	0	4
25:15:00	90900	1	2	0	72003	0	0	0	0	0	1	0	53386	1	0	0	18614	0	1	0	3
25:20:00	91200	1	1	0	72003	0	0	0	0	0	0	0	53386	1	0	0	18615	0	1	0	2
25:25:00	91500	0	1	0	72002	0	0	0	0	0	1	0	53385	0	0	0	18615	0	0	0	2
25:30:00	91800	0	0	0	72002	0	0	0	0	0	0	0	53385	0	0	0	18615	0	0	0	2
25:35:00	92100	0	0	0	72002	0	0	0	0	0	0	0	53385	0	0	0	18615	0	0	0	2
25:40:00	92400	2	3	0	72001	0	0	0	0	2	3	0	53384	0	0	0	18615	0	0	0	2
25:45:00	92700	0	1	0	72000	0	0	0	0	0	0	0	53384	0	0	0	18615	0	1	0	1
25:50:00	93000	1	1	0	72000	0	0	0	0	0	0	0	53384	0	1	0	18614	1	0	0	2
25:55:00	93300	1	1	0	72000	0	0	0	0	1	1	0	53384	0	0	0	18614	0	0	0	2
26:00:00	93600	0	0	0	72000	0	0	0	0	0	0	0	53384	0	0	0	18614	0	0	0	2
26:05:00	93900	2	8	0	71994	0	0	0	0	0	6	0	53378	0	1	0	18613	2	1	0	3
26:10:00	94200	0	4	0	71990	0	0	0	0	0	4	0	53374	0	0	0	18613	0	0	0	3
26:15:00	94500	1	4	0	71987	0	0	0	0	0	3	0	53371	1	0	0	18614	0	1	0	2
26:20:00	94800	0	0	0	71987	0	0	0	0	0	0	0	53371	0	0	0	18614	0	0	0	2
26:25:00	95100	37	38	0	71986	0	0	0	0	3	4	0	53370	0	34	0	18580	34	0	0	36
26:30:00	95400	0	9	0	71977	0	0	0	0	0	7	0	53363	0	0	0	18580	0	2	0	34
26:35:00	95700	0	8	0	71969	0	0	0	0	0	1	0	53362	0	0	0	18580	0	7	0	27
26:40:00	96000	84	98	0	71955	0	0	0	0	12	18	0	53356	0	72	0	18508	72	8	0	91
26:45:00	96300	31	43	0	71943	0	0	0	0	0	4	0	53352	0	30	0	18478	31	9	0	113
26:50:00	96600	1	7	0	71937	0	0	0	0	0	0	0	53352	1	0	0	18479	0	7	0	106
26:55:00	96900	2	38	0	71901	0	0	0	0	0	0	0	53352	0	0	0	18479	2	38	0	70
27:00:00	97200	0	28	0	71873	0	0	0	0	0	0	0	53352	0	0	0	18479	0	28	0	42
27:05:00	97500	4	27	0	71850	0	0	0	0	1	1	0	53352	1	0	0	18480	2	26	0	18
27:10:00	97800	2	8	0	71844	0	0	0	0	0	1	0	53351	1	0	0	18481	1	7	0	12
27:15:00	98100	0	5	0	71839	0	0	0	0	0	1	0	53350	0	0	0	18481	0	4	0	8
27:20:00	98400	0	4	0	71835	0	0	0	0	0	0	0	53350	0	0	0	18481	0	4	0	4
27:25:00	98700	32	32	0	71835	0	0	0	0	0	0	0	53350	1	31	0	18451	31	1	0	34
27:30:00	99000	119	124	0	71830	0	0	0	0	1	3	0	53348	3	109	0	18345	115	12	0	137
27:35:00	99300	6	16	0	71820	0	0	0	0	0	2	0	53346	4	0	0	18349	2	14	0	125
27:40:00	99600	18	31	0	71807	0	0	0	0	13	16	0	53343	1	4	0	18346	4	11	0	118
27:45:00	99900	7	25	0	71789	0	0	0	0	6	7	0	53342	0	0	0	18346	1	18	0	101
27:50:00	100200	1	18	0	71772	0	0	0	0	0	0	0	53342	0	0	0	18346	1	18	0	84
27:55:00	100500	2	7	0	71767	0	0	0	0	1	1	0	53342	0	0	0	18346	1	6	0	79
28:00:00	100800	2	16	0	71753	0	0	0	0	0	0	0	53342	0	0	0	18346	2	16	0	65
28:05:00	101100	3	27	0	71729	0	0	0	0	0	3	0	53339	1	1	0	18346	2	23	0	44
28:10:00	101400	1	35	0	71695	0	0	0	0	0	0	0	53339	1	0	0	18347	0	35	0	9
28:15:00	101700	5	6	0	71694	0	0	0	0	3	3	0	53339	2	0	0	18349	0	3	0	6
28:20:00	102000	0	1	0	71693	0	0	0	0	0	0	0	53339	0	0	0	18349	0	1	0	5
28:25:00	102300	0	0	0	71693	0	0	0	0	0	0	0	53339	0	0	0	18349	0	0	0	5
28:30:00	102600	1	3	0	71691	0	0	0	0	0	0	0	53339	1	0	0	18350	0	3	0	2
28:35:00	102900	2	2	0	71691	0	0	0	0	2	2	0	53339	0	0	0	18350	0	0	0	2
28:40:00	103200	10	10	0	71691	0	0	0	0	1	1	0	53339	0	9	0	18341	9	0	0	11
28:45:00	103500	22	23	0	71690	0	0	0	0	20	21	0	53338	1	0	0	18342	1	2	0	10
28:50:00	103800	0	0	0	71690	0	0	0	0	0	0	0	53338	0	0	0	18342	0	0	0	10
28:55:00	104100	6	6	0	71690	0	0	0	0	0	0	0	53338	0	0	0	18342	6	6	0	10
29:00:00	104400	2	2	0	71690	0	0	0	0	0	0	0	53338	0	0	0	18342	2	2	0	10
29:05:00	104700	1	1	0	71690	0	0	0	0	0	0	0	53338	0	0	0	18342	1	1	0	10
29:10:00	105000	6	6	0	71690	0	0	0	0	1	1	0	53338	5	0	0	18347	0	5	0	5
29:15:00	105300	2	2	0	71690	0	0	0	0	2	2	0	53338	0	0	0	18347	0	0	0	5
29:20:00	105600	1	3	0	71688	0	0	0	0	0	1	0	53337	1	0	0	18348	0	2	0	3
29:25:00	105900	3	4	0	71687	0	0	0	0	1	2	0	53336	1	1	0	18348	1	1	0	3
29:30:00	106200	1	6	0	71682	0	0	0	0	0	4	0	53332	1	0	0	18349	0	2	0	1
29:35:00	106500	0	0	0	71682	0	0	0	0	0	0	0	53332	0	0	0	18349	0	0	0	1
29:40:00	106800	27	28	0	71681	0	0	0	0	0	1	0	53331	1	26	0	18324	26	1	0	26
29:45:00	107100	72	76	0	71677	0	0	0	0	2	6	0	53327	0	70	0	18254	70	0	0	96
29:50:00	107400	0	6	0	71671	0	0	0	0	0	0	0	53327	0	0	0	18254	0	6	0	90
29:55:00	107700	4	27	0	71648	0	0	0	0	1	1	0	53327	0	0	0	18254	3	26	0	67
30:00:00	108000	0	0	64736	6912	0	0	0	0	0	0	53327	0	0	0	11342	6912	0	0	67	0
30:05:00	108300	0	0	0	6912	0	0	0	0	0	0	0	0	0	0	0	6912	0	0	0	0
